% Project: PC-Based-statFEM
% Author: Vahab Narouie, TU-Braunschweig, 2025
% License: GNU GPL v3.0 (see LICENSE file for details)

%  Matlab mesh
% square_plate_with_hole, Created by Gmsh
% ASCII
clear msh;
msh.nbNod = 368;
msh.POS = [
0 0 0;
0.32 0 0;
0 0.32 0;
0.32 0.32 0;
0.18 0.16 0;
0.03999999999999996 0 0;
0.07999999999999992 0 0;
0.1199999999999999 0 0;
0.1599999999999998 0 0;
0.1999999999999999 0 0;
0.2399999999999999 0 0;
0.28 0 0;
0.32 0.03999999999999996 0;
0.32 0.07999999999999992 0;
0.32 0.1199999999999999 0;
0.32 0.1599999999999998 0;
0.32 0.1999999999999999 0;
0.32 0.2399999999999999 0;
0.32 0.28 0;
0.28 0.32 0;
0.2400000000000001 0.32 0;
0.2000000000000001 0.32 0;
0.1600000000000002 0.32 0;
0.1200000000000001 0.32 0;
0.08000000000000007 0.32 0;
0.04000000000000004 0.32 0;
0 0.28 0;
0 0.2400000000000001 0;
0 0.2000000000000001 0;
0 0.1600000000000002 0;
0 0.1200000000000001 0;
0 0.08000000000000007 0;
0 0.04000000000000004 0;
0.1796157056080646 0.1639018064403226 0;
0.1784775906502257 0.1676536686473018 0;
0.1766293922460509 0.1711114046603921 0;
0.1741421356237309 0.174142135623731 0;
0.171111404660392 0.1766293922460509 0;
0.1676536686473018 0.1784775906502258 0;
0.1639018064403225 0.1796157056080646 0;
0.16 0.18 0;
0.1560981935596774 0.1796157056080646 0;
0.1523463313526981 0.1784775906502257 0;
0.1488885953396079 0.1766293922460509 0;
0.145857864376269 0.1741421356237309 0;
0.1433706077539491 0.171111404660392 0;
0.1415224093497742 0.1676536686473017 0;
0.1403842943919354 0.1639018064403225 0;
0.14 0.1599999999999999 0;
0.1403842943919354 0.1560981935596774 0;
0.1415224093497743 0.1523463313526981 0;
0.1433706077539491 0.1488885953396079 0;
0.1458578643762691 0.145857864376269 0;
0.148888595339608 0.1433706077539491 0;
0.1523463313526983 0.1415224093497742 0;
0.1560981935596775 0.1403842943919354 0;
0.1600000000000001 0.14 0;
0.1639018064403226 0.1403842943919354 0;
0.1676536686473019 0.1415224093497743 0;
0.1711114046603921 0.1433706077539491 0;
0.174142135623731 0.1458578643762691 0;
0.1766293922460509 0.148888595339608 0;
0.1784775906502258 0.1523463313526982 0;
0.1796157056080646 0.1560981935596774 0;
0.109375749598189 0.06248484758612671 0;
0.06248484758612673 0.2106242504018111 0;
0.2575151524138732 0.1093757495981889 0;
0.2106242504018111 0.2575151524138732 0;
0.1016005785029097 0.1164797592154087 0;
0.2183994214970904 0.2035202407845912 0;
0.1164797592154087 0.2183994214970904 0;
0.2323479819810823 0.1500821473297822 0;
0.08765201801891775 0.1699178526702177 0;
0.2035202407845913 0.1016005785029096 0;
0.1500821473297823 0.08765201801891777 0;
0.1699178526702178 0.2323479819810823 0;
0.1338631075623662 0.1204828663876291 0;
0.1861368924376339 0.1995171336123709 0;
0.1204828663876291 0.1861368924376338 0;
0.2069121644682815 0.1695713738648375 0;
0.1130878355317186 0.1504286261351624 0;
0.1695713738648376 0.1130878355317186 0;
0.1995171336123709 0.1338631075623661 0;
0.1504286261351625 0.2069121644682815 0;
0.1512516893660581 0.113084972071397 0;
0.206915027928603 0.151251689366058 0;
0.1204720820727268 0.1333212947578964 0;
0.1333212947578964 0.1995279179272732 0;
0.1995279179272733 0.1866787052421035 0;
0.1866787052421036 0.1204720820727268 0;
0.113084972071397 0.1687483106339419 0;
0.168748310633942 0.206915027928603 0;
0.1970084391011815 0.05527749666210169 0;
0.05527749666210172 0.1229915608988185 0;
0.1229915608988185 0.2647225033378983 0;
0.2647225033378983 0.1970084391011814 0;
0.1643767214904713 0.129309158376358 0;
0.1906908416236421 0.1643767214904712 0;
0.1785399617252567 0.1846789348774859 0;
0.129309158376358 0.1556232785095288 0;
0.1414600382747433 0.135321065122514 0;
0.184678934877486 0.1414600382747433 0;
0.135321065122514 0.1785399617252567 0;
0.1556232785095288 0.190690841623642 0;
0.1406535943328397 0.2307565776888963 0;
0.2307565776888963 0.1793464056671603 0;
0.08924342231110372 0.1406535943328396 0;
0.1793464056671604 0.0892434223111037 0;
0.0770255077787097 0.08728779755156962 0;
0.08728779755156964 0.2429744922212903 0;
0.2429744922212904 0.2327122024484303 0;
0.2327122024484304 0.0770255077787096 0;
0.2701063149694394 0.1537266607841688 0;
0.04989368503056058 0.1662733392158311 0;
0.1662733392158312 0.2701063149694394 0;
0.1537266607841689 0.04989368503056059 0;
0.2614196150871066 0.05242396538362409 0;
0.2675760346163759 0.2614196150871066 0;
0.0585803849128934 0.2675760346163759 0;
0.0524239653836242 0.05858038491289337 0;
0.1900516633823046 0.1523449205385485 0;
0.1867293594701881 0.175742892495024 0;
0.1442571075049759 0.186729359470188 0;
0.133270640529812 0.1442571075049759 0;
0.1299483366176954 0.1676550794614514 0;
0.1757428924950241 0.133270640529812 0;
0.1523449205385486 0.1299483366176954 0;
0.1676550794614515 0.1900516633823046 0;
0.2230568704604289 0.1238657462189374 0;
0.1238657462189375 0.09694312953957111 0;
0.09694312953957111 0.1961342537810625 0;
0.1961342537810626 0.2230568704604289 0;
0.09468787479909445 0.03124242379306336 0;
0.1568633303920844 0.02494684251528029 0;
0.1315512051911789 0.05618926630834364 0;
0.1257756025955894 0.02809463315417182 0;
0.03124242379306336 0.2253121252009056 0;
0.02494684251528029 0.1631366696079156 0;
0.05618926630834364 0.1884487948088211 0;
0.02809463315417182 0.1942243974044106 0;
0.2253121252009056 0.2887575762069367 0;
0.1631366696079157 0.2950531574847197 0;
0.1884487948088212 0.2638107336916563 0;
0.1942243974044106 0.2919053668458281 0;
0.2887575762069367 0.09468787479909439 0;
0.2950531574847197 0.1568633303920843 0;
0.2638107336916563 0.1315512051911789 0;
0.2919053668458281 0.1257756025955894 0;
0.1405894647493915 0.1763410486744938 0;
0.1326347008701047 0.173097520593354 0;
0.1357353729837348 0.1676543740543766 0;
0.1380026543120269 0.172104462626873 0;
0.1436589513255062 0.1405894647493915 0;
0.146902479406646 0.1326347008701047 0;
0.1523456259456235 0.1357353729837348 0;
0.147895537373127 0.1380026543120269 0;
0.1794105352506085 0.1436589513255062 0;
0.1873652991298953 0.1469024794066459 0;
0.1842646270162652 0.1523456259456234 0;
0.1819973456879731 0.1478955373731269 0;
0.134654579188179 0.1578116392547643 0;
0.131289899453085 0.1499401930072523 0;
0.1373965249397932 0.148301719428837 0;
0.1358370969225102 0.1530191932834648 0;
0.185345420811821 0.1621883607452356 0;
0.1887101005469151 0.1700598069927476 0;
0.1826034750602069 0.1716982805711629 0;
0.1841629030774898 0.1669808067165351 0;
0.1578116392547644 0.185345420811821 0;
0.1499401930072524 0.188710100546915 0;
0.148301719428837 0.1826034750602069 0;
0.1530191932834649 0.1841629030774898 0;
0.1621883607452357 0.134654579188179 0;
0.1700598069927477 0.131289899453085 0;
0.171698280571163 0.1373965249397931 0;
0.1669808067165351 0.1358370969225102 0;
0.1763410486744938 0.1794105352506084 0;
0.1730975205933541 0.1873652991298953 0;
0.1676543740543766 0.1842646270162652 0;
0.1721044626268731 0.1819973456879731 0;
0.02763874833105087 0.1014957804494093 0;
0.0262119826918121 0.06929019245644671 0;
0.06472473658116695 0.07293409123223149 0;
0.06615150222040571 0.1051396792251941 0;
0.0461817424561089 0.08721493584082039 0;
0.1014957804494093 0.2923612516689491 0;
0.06929019245644674 0.2937880173081879 0;
0.07293409123223152 0.2552752634188331 0;
0.1051396792251941 0.2538484977795943 0;
0.08721493584082041 0.2738182575438911 0;
0.2923612516689492 0.2185042195505907 0;
0.2937880173081879 0.2507098075435533 0;
0.2552752634188331 0.2470659087677685 0;
0.2538484977795943 0.2148603207748059 0;
0.2738182575438912 0.2327850641591796 0;
0.2185042195505907 0.02763874833105084 0;
0.2507098075435533 0.02621198269181205 0;
0.2470659087677685 0.06472473658116684 0;
0.2148603207748059 0.06615150222040564 0;
0.2327850641591796 0.04618174245610884 0;
0.07971398856284892 0.2033792520914368 0;
0.06877285152473916 0.1680955959430244 0;
0.09229757377924444 0.1830260532256401 0;
0.07424342004379406 0.1857374240172306 0;
0.2402860114371511 0.1166207479085631 0;
0.2512271484752608 0.1519044040569755 0;
0.2277024262207556 0.1369739467743598 0;
0.245756579956206 0.1342625759827693 0;
0.2033792520914369 0.2402860114371511 0;
0.1680955959430245 0.2512271484752608 0;
0.1830260532256402 0.2277024262207555 0;
0.1857374240172307 0.245756579956206 0;
0.1166207479085632 0.07971398856284892 0;
0.1519044040569756 0.06877285152473918 0;
0.1369739467743599 0.09229757377924444 0;
0.1342625759827694 0.07424342004379403 0;
0.06621198269181205 0.02929019245644668 0;
0.03310599134590603 0.03464509622822334 0;
0.02929019245644671 0.253788017308188 0;
0.03464509622822337 0.286894008654094 0;
0.253788017308188 0.2907098075435533 0;
0.286894008654094 0.2853549037717766 0;
0.2907098075435534 0.066211982691812 0;
0.2853549037717766 0.033105991345906 0;
0.1296287474970267 0.1616391789854901 0;
0.135006520944481 0.1627704927129063 0;
0.1583608210145099 0.1296287474970267 0;
0.1572295072870937 0.135006520944481 0;
0.139789086313745 0.1826346605977223 0;
0.1443388408266764 0.1796320264218866 0;
0.180210913686255 0.1373653394022776 0;
0.1756611591733236 0.1403679735781134 0;
0.1373653394022777 0.139789086313745 0;
0.1403679735781134 0.1443388408266764 0;
0.1826346605977224 0.180210913686255 0;
0.1796320264218866 0.1756611591733235 0;
0.1616391789854901 0.1903712525029733 0;
0.1627704927129063 0.184993479055519 0;
0.1903712525029733 0.1583608210145099 0;
0.184993479055519 0.1572295072870936 0;
0.08931304314080969 0.1018837783834891 0;
0.09320062868844935 0.07488632256884817 0;
0.1127331623609236 0.1067114443774899 0;
0.1029668955246865 0.09079888347316903 0;
0.1018837783834892 0.2306869568591903 0;
0.07488632256884818 0.2267993713115507 0;
0.1067114443774899 0.2072668376390764 0;
0.09079888347316904 0.2170331044753136 0;
0.2306869568591904 0.2181162216165108 0;
0.2267993713115508 0.2451136774311518 0;
0.2072668376390765 0.21328855562251 0;
0.2170331044753136 0.2292011165268309 0;
0.2181162216165108 0.08931304314080962 0;
0.2451136774311518 0.09320062868844924 0;
0.2132885556225101 0.1127331623609235 0;
0.229201116526831 0.1029668955246864 0;
0.2032200411977774 0.1781250395534705 0;
0.2188343710785889 0.1744588897659989 0;
0.2245779995929934 0.1914333232258758 0;
0.2089636697121818 0.1950994730133474 0;
0.2138990203953854 0.1847791813896731 0;
0.1781250395534705 0.1167799588022227 0;
0.174458889765999 0.1011656289214111 0;
0.1914333232258758 0.09542200040700666 0;
0.1950994730133474 0.1110363302878182 0;
0.1847791813896732 0.1061009796046147 0;
0.1418749604465295 0.2032200411977773 0;
0.1455411102340011 0.2188343710785889 0;
0.1285666767741242 0.2245779995929933 0;
0.1249005269866526 0.2089636697121818 0;
0.1352208186103268 0.2138990203953853 0;
0.1167799588022227 0.1418749604465294 0;
0.1011656289214111 0.145541110234001 0;
0.0954220004070067 0.1285666767741241 0;
0.1110363302878183 0.1249005269866525 0;
0.1061009796046147 0.1352208186103268 0;
0.2679117424873526 0.07970630569013061 0;
0.2402936943098694 0.2679117424873525 0;
0.05208825751264745 0.2402936943098694 0;
0.07970630569013069 0.05208825751264742 0;
0.116783919229513 0.1774426015357879 0;
0.1087129979636001 0.1911355731093482 0;
0.1003684950451574 0.1693330816520798 0;
0.1045407465043787 0.180234327380714 0;
0.1425573984642121 0.1167839192295131 0;
0.1288644268906519 0.1087129979636001 0;
0.1506669183479202 0.1003684950451574 0;
0.139765672619286 0.1045407465043788 0;
0.1774426015357879 0.2032160807704869 0;
0.1911355731093483 0.2112870020363999 0;
0.1693330816520799 0.2196315049548426 0;
0.1802343273807141 0.2154592534956212 0;
0.203216080770487 0.1425573984642121 0;
0.2112870020363999 0.1288644268906518 0;
0.2196315049548426 0.1506669183479201 0;
0.2154592534956213 0.1397656726192859 0;
0.1552857235015287 0.2315522798349893 0;
0.1595884683845522 0.2069135961984422 0;
0.1574370959430405 0.2192329380167158 0;
0.08844772016501073 0.1552857235015287 0;
0.1130864038015578 0.1595884683845522 0;
0.1007670619832843 0.1574370959430404 0;
0.1647142764984713 0.08844772016501073 0;
0.1604115316154478 0.1130864038015578 0;
0.1625629040569596 0.1007670619832843 0;
0.2315522798349893 0.1647142764984712 0;
0.2069135961984423 0.1604115316154477 0;
0.2192329380167158 0.1625629040569595 0;
0.1271675948175465 0.1269020805727628 0;
0.1199503785892351 0.1168067624751263 0;
0.1269020805727628 0.1928324051824535 0;
0.1168067624751263 0.200049621410765 0;
0.1930979194272372 0.1271675948175465 0;
0.2031932375248736 0.119950378589235 0;
0.1928324051824536 0.1930979194272372 0;
0.200049621410765 0.2031932375248736 0;
0.1753675499426752 0.05258559084633113 0;
0.1876837749713375 0.02629279542316557 0;
0.1446324500573249 0.2674144091536689 0;
0.1323162250286625 0.2937072045768344 0;
0.2674144091536689 0.1753675499426751 0;
0.2937072045768344 0.1876837749713375 0;
0.05258559084633115 0.1446324500573248 0;
0.02629279542316559 0.1323162250286625 0;
0.07226045948660272 0.1318225776158291 0;
0.0807867513137062 0.1168531779996591 0;
0.1318225776158291 0.2477395405133973 0;
0.1168531779996591 0.2392132486862938 0;
0.2477395405133973 0.1881774223841708 0;
0.2392132486862939 0.2031468220003408 0;
0.1881774223841709 0.0722604594866027 0;
0.2031468220003409 0.08078675131370616 0;
0.2494833444943291 0.1700409132205732 0;
0.07051665550567095 0.1499590867794267 0;
0.1499590867794268 0.249483344494329 0;
0.1700409132205733 0.07051665550567093 0;
0.1215166543445462 0.1682016950476967 0;
0.1279019657550716 0.1823384270814453 0;
0.1247093100498089 0.175270061064571 0;
0.1669740476776544 0.1211984969540383 0;
0.1517983049523033 0.1215166543445462 0;
0.1593861763149789 0.1213575756492922 0;
0.1988015030459618 0.1669740476776543 0;
0.1984833456554538 0.1517983049523033 0;
0.1986424243507078 0.1593861763149788 0;
0.1387892011314362 0.1931286386987306 0;
0.1530259523223456 0.1988015030459618 0;
0.1459075767268909 0.1959650708723462 0;
0.1211984969540383 0.1530259523223456 0;
0.1213575756492922 0.1606138236850211 0;
0.1823384270814453 0.1920980342449284 0;
0.1931286386987306 0.1812107988685638 0;
0.187733532890088 0.1866544165567461 0;
0.1682016950476967 0.1984833456554538 0;
0.175270061064571 0.1952906899501911 0;
0.1606138236850212 0.1986424243507078 0;
0.1333455834432539 0.1877335328900879 0;
0.1812107988685638 0.1268713613012694 0;
0.1740924232731091 0.1240349291276538 0;
0.1959650708723462 0.174092423273109 0;
0.1376615729185548 0.1279019657550716 0;
0.144729938935429 0.1247093100498089 0;
0.1268713613012694 0.1387892011314362 0;
0.1240349291276538 0.1459075767268909 0;
0.1322664671099121 0.1333455834432539 0;
0.1920980342449284 0.1376615729185547 0;
0.1866544165567461 0.1322664671099121 0;
0.1952906899501911 0.144729938935429 0;
];
msh.MAX = max(msh.POS);
msh.MIN = min(msh.POS);
msh.LINES =[
 1 6 0
 6 7 0
 7 8 0
 8 9 0
 9 10 0
 10 11 0
 11 12 0
 12 2 0
 2 13 0
 13 14 0
 14 15 0
 15 16 0
 16 17 0
 17 18 0
 18 19 0
 19 4 0
 4 20 0
 20 21 0
 21 22 0
 22 23 0
 23 24 0
 24 25 0
 25 26 0
 26 3 0
 3 27 0
 27 28 0
 28 29 0
 29 30 0
 30 31 0
 31 32 0
 32 33 0
 33 1 0
 5 34 0
 34 35 0
 35 36 0
 36 37 0
 37 38 0
 38 39 0
 39 40 0
 40 41 0
 41 42 0
 42 43 0
 43 44 0
 44 45 0
 45 46 0
 46 47 0
 47 48 0
 48 49 0
 49 50 0
 50 51 0
 51 52 0
 52 53 0
 53 54 0
 54 55 0
 55 56 0
 56 57 0
 57 58 0
 58 59 0
 59 60 0
 60 61 0
 61 62 0
 62 63 0
 63 64 0
 64 5 0
];
msh.QUADS =[
 65 133 136 135 0
 133 7 8 136 0
 136 8 9 134 0
 135 136 134 116 0
 66 137 140 139 0
 137 28 29 140 0
 140 29 30 138 0
 139 140 138 114 0
 68 141 144 143 0
 141 21 22 144 0
 144 22 23 142 0
 143 144 142 115 0
 67 145 148 147 0
 145 14 15 148 0
 148 15 16 146 0
 147 148 146 113 0
 45 149 152 46 0
 149 103 150 152 0
 152 150 125 151 0
 46 152 151 47 0
 53 153 156 54 0
 153 101 154 156 0
 156 154 127 155 0
 54 156 155 55 0
 61 157 160 62 0
 157 102 158 160 0
 160 158 121 159 0
 62 160 159 63 0
 49 161 164 50 0
 161 100 162 164 0
 164 162 124 163 0
 50 164 163 51 0
 5 165 168 34 0
 165 98 166 168 0
 168 166 122 167 0
 34 168 167 35 0
 41 169 172 42 0
 169 104 170 172 0
 172 170 123 171 0
 42 172 171 43 0
 57 173 176 58 0
 173 97 174 176 0
 176 174 126 175 0
 58 176 175 59 0
 37 177 180 38 0
 177 99 178 180 0
 180 178 128 179 0
 38 180 179 39 0
 94 181 185 184 0
 181 32 182 185 0
 185 182 120 183 0
 184 185 183 109 0
 95 186 190 189 0
 186 25 187 190 0
 190 187 119 188 0
 189 190 188 110 0
 96 191 195 194 0
 191 18 192 195 0
 195 192 118 193 0
 194 195 193 111 0
 93 196 200 199 0
 196 11 197 200 0
 200 197 117 198 0
 199 200 198 112 0
 131 201 204 203 0
 201 66 139 204 0
 204 139 114 202 0
 203 204 202 73 0
 129 205 208 207 0
 205 67 147 208 0
 208 147 113 206 0
 207 208 206 72 0
 132 209 212 211 0
 209 68 143 212 0
 212 143 115 210 0
 211 212 210 76 0
 130 213 216 215 0
 213 65 135 216 0
 216 135 116 214 0
 215 216 214 75 0
 32 33 218 182 0
 33 1 6 218 0
 218 6 7 217 0
 182 218 217 120 0
 25 26 220 187 0
 26 3 27 220 0
 220 27 28 219 0
 187 220 219 119 0
 18 19 222 192 0
 19 4 20 222 0
 222 20 21 221 0
 192 222 221 118 0
 11 12 224 197 0
 12 2 13 224 0
 224 13 14 223 0
 197 224 223 117 0
 100 161 226 225 0
 161 49 48 226 0
 226 48 47 151 0
 225 226 151 125 0
 97 173 228 227 0
 173 57 56 228 0
 228 56 55 155 0
 227 228 155 127 0
 103 149 230 229 0
 149 45 44 230 0
 230 44 43 171 0
 229 230 171 123 0
 102 157 232 231 0
 157 61 60 232 0
 232 60 59 175 0
 231 232 175 126 0
 101 153 234 233 0
 153 53 52 234 0
 234 52 51 163 0
 233 234 163 124 0
 99 177 236 235 0
 177 37 36 236 0
 236 36 35 167 0
 235 236 167 122 0
 104 169 238 237 0
 169 41 40 238 0
 238 40 39 179 0
 237 238 179 128 0
 98 165 240 239 0
 165 5 64 240 0
 240 64 63 159 0
 239 240 159 121 0
 69 241 244 243 0
 241 109 242 244 0
 244 242 65 213 0
 243 244 213 130 0
 71 245 248 247 0
 245 110 246 248 0
 248 246 66 201 0
 247 248 201 131 0
 70 249 252 251 0
 249 111 250 252 0
 252 250 68 209 0
 251 252 209 132 0
 74 253 256 255 0
 253 112 254 256 0
 256 254 67 205 0
 255 256 205 129 0
 89 257 261 260 0
 257 80 258 261 0
 261 258 106 259 0
 260 261 259 70 0
 90 262 266 265 0
 262 82 263 266 0
 266 263 108 264 0
 265 266 264 74 0
 88 267 271 270 0
 267 84 268 271 0
 271 268 105 269 0
 270 271 269 71 0
 87 272 276 275 0
 272 81 273 276 0
 276 273 107 274 0
 275 276 274 69 0
 14 145 277 223 0
 145 67 254 277 0
 277 254 112 198 0
 223 277 198 117 0
 21 141 278 221 0
 141 68 250 278 0
 278 250 111 193 0
 221 278 193 118 0
 28 137 279 219 0
 137 66 246 279 0
 279 246 110 188 0
 219 279 188 119 0
 7 133 280 217 0
 133 65 242 280 0
 280 242 109 183 0
 217 280 183 120 0
 91 281 284 283 0
 281 79 282 284 0
 284 282 131 203 0
 283 284 203 73 0
 85 285 288 287 0
 285 77 286 288 0
 288 286 130 215 0
 287 288 215 75 0
 92 289 292 291 0
 289 78 290 292 0
 292 290 132 211 0
 291 292 211 76 0
 86 293 296 295 0
 293 83 294 296 0
 296 294 129 207 0
 295 296 207 72 0
 92 291 299 298 0
 291 76 297 299 0
 299 297 105 268 0
 298 299 268 84 0
 91 283 302 301 0
 283 73 300 302 0
 302 300 107 273 0
 301 302 273 81 0
 85 287 305 304 0
 287 75 303 305 0
 305 303 108 263 0
 304 305 263 82 0
 86 295 308 307 0
 295 72 306 308 0
 308 306 106 258 0
 307 308 258 80 0
 87 275 310 309 0
 275 69 243 310 0
 310 243 130 286 0
 309 310 286 77 0
 88 270 312 311 0
 270 71 247 312 0
 312 247 131 282 0
 311 312 282 79 0
 90 265 314 313 0
 265 74 255 314 0
 314 255 129 294 0
 313 314 294 83 0
 89 260 316 315 0
 260 70 251 316 0
 316 251 132 290 0
 315 316 290 78 0
 11 196 318 10 0
 196 93 317 318 0
 318 317 116 134 0
 10 318 134 9 0
 25 186 320 24 0
 186 95 319 320 0
 320 319 115 142 0
 24 320 142 23 0
 18 191 322 17 0
 191 96 321 322 0
 322 321 113 146 0
 17 322 146 16 0
 32 181 324 31 0
 181 94 323 324 0
 324 323 114 138 0
 31 324 138 30 0
 69 274 326 241 0
 274 107 325 326 0
 326 325 94 184 0
 241 326 184 109 0
 71 269 328 245 0
 269 105 327 328 0
 328 327 95 189 0
 245 328 189 110 0
 70 259 330 249 0
 259 106 329 330 0
 330 329 96 194 0
 249 330 194 111 0
 74 264 332 253 0
 264 108 331 332 0
 332 331 93 199 0
 253 332 199 112 0
 72 206 333 306 0
 206 113 321 333 0
 333 321 96 329 0
 306 333 329 106 0
 73 202 334 300 0
 202 114 323 334 0
 334 323 94 325 0
 300 334 325 107 0
 76 210 335 297 0
 210 115 319 335 0
 335 319 95 327 0
 297 335 327 105 0
 75 214 336 303 0
 214 116 317 336 0
 336 317 93 331 0
 303 336 331 108 0
 79 281 339 338 0
 281 91 337 339 0
 339 337 125 150 0
 338 339 150 103 0
 82 340 342 304 0
 340 97 227 342 0
 342 227 127 341 0
 304 342 341 85 0
 80 343 345 307 0
 343 98 239 345 0
 345 239 121 344 0
 307 345 344 86 0
 84 267 348 347 0
 267 88 346 348 0
 348 346 123 170 0
 347 348 170 104 0
 81 349 350 301 0
 349 100 225 350 0
 350 225 125 337 0
 301 350 337 91 0
 78 351 353 315 0
 351 99 235 353 0
 353 235 122 352 0
 315 353 352 89 0
 78 289 355 351 0
 289 92 354 355 0
 355 354 128 178 0
 351 355 178 99 0
 84 347 356 298 0
 347 104 237 356 0
 356 237 128 354 0
 298 356 354 92 0
 79 338 357 311 0
 338 103 229 357 0
 357 229 123 346 0
 311 357 346 88 0
 82 262 359 340 0
 262 90 358 359 0
 359 358 126 174 0
 340 359 174 97 0
 80 257 360 343 0
 257 89 352 360 0
 360 352 122 166 0
 343 360 166 98 0
 77 285 362 361 0
 285 85 341 362 0
 362 341 127 154 0
 361 362 154 101 0
 81 272 364 349 0
 272 87 363 364 0
 364 363 124 162 0
 349 364 162 100 0
 77 361 365 309 0
 361 101 233 365 0
 365 233 124 363 0
 309 365 363 87 0
 83 366 367 313 0
 366 102 231 367 0
 367 231 126 358 0
 313 367 358 90 0
 83 293 368 366 0
 293 86 344 368 0
 368 344 121 158 0
 366 368 158 102 0
];
msh.PNT =[
 1 0
 2 0
 3 0
 4 0
 5 0
];
